2.353935778425300647e-07
1.822009562412871857e-07
1.367530288943217406e-07
1.000068698278145287e-07
7.578060729648841082e-08
6.166749254915385668e-08
4.391411558670519831e-08
4.091085811026311867e-08
2.492622707287490038e-08
1.558125490238122060e-08
1.515890537345699827e-08
1.438290235410242537e-08
9.059251168973336263e-09
2.075665974190044241e-07
2.110239201342799993e-07
1.579655618078019766e-07
1.090569332174507120e-07
8.688482890547538659e-08
7.169428594757266922e-08
6.895764458703059250e-08
5.834722955879643303e-08
3.912822234119551466e-08
2.560935993984603305e-07
2.306344058097436841e-07
2.188791045027787372e-07
1.125363506098238669e-07
1.171633940604507313e-07
1.086107983474584743e-07
7.256792156451043772e-08
4.849451266624597560e-08
3.328080678780554789e-08
2.556899828462933976e-08
1.887335024858378702e-08
1.499933822949682666e-08
1.050137943943130213e-08
5.071586588070819357e-09
2.203773591700120234e-09
2.481477791757098582e-09
