2.078708086918306907e-07
1.773138322720393166e-07
1.396374876692738599e-07
1.054433238910586563e-07
7.852020611437981913e-08
5.870245823938782843e-08
4.402904176507969708e-08
3.284695229297709028e-08
2.453055023247242944e-08
1.855083001649932886e-08
1.423987721449805021e-08
1.067252552556417065e-08
7.943600837944147814e-09
2.110425876754369397e-07
1.976238388170286493e-07
1.546681610101540662e-07
1.187173834747475706e-07
9.320318613558769120e-08
7.523221766514134491e-08
6.217720972037579826e-08
5.234895731605866842e-08
4.464026561731459090e-08
2.160402677932387417e-07
2.070522647279564714e-07
1.791009739018122006e-07
1.465275799389516210e-07
1.187403238579977063e-07
9.369773162829537065e-08
7.159508571533757900e-08
5.291687758916779591e-08
3.784386555456463797e-08
2.642068349016005349e-08
1.795396395692099777e-08
1.202890273323481847e-08
7.914592560011628395e-09
5.189172087100646531e-09
3.404681001286870709e-09
2.214728675356334781e-09
