# ACT covariance matrix for the cibdeproj variant with CMB marginalization (not for use with CMB 2-point spectra)
2.953703027601382531e-15 2.863612403601274835e-16 2.839008573888272198e-17 3.262571298838736837e-17 4.001285273340048557e-17 1.038175577637605060e-17 6.193740650185755688e-18 1.265196750328122827e-17 -7.917736315350710609e-18 1.485645973333486374e-17 2.578062992398013751e-18 7.363141306495576451e-18 4.530631763049680577e-18 1.002370267319570827e-18 -1.203921173578616331e-19 -3.459204968800970973e-18 8.112243427032668340e-18 9.275841181686572948e-18
2.863612403601274835e-16 7.820725012636441864e-16 7.952198702250745700e-17 1.876390874917525588e-17 3.242981945037721042e-18 6.241622741700711079e-18 5.173207785196303495e-19 -6.219361673724403518e-18 9.318293274035938279e-18 3.656564158923941182e-18 2.219264897227931150e-18 4.708063647681937196e-18 3.095976235203612538e-18 1.779715112110685330e-18 4.047208725456281867e-18 9.984268259565578460e-18 1.419130500099948214e-17 8.121423926507593010e-18
2.839008573888272198e-17 7.952198702250745700e-17 3.138835518174979918e-16 -3.372673955922025748e-18 1.168743848283005374e-18 -3.120123788023294795e-18 -3.850659788894527948e-19 3.046776557880615253e-18 -2.366581731222083124e-18 2.500756556800856224e-18 -5.769701267652553072e-18 -2.073181488071155515e-18 -4.087535632349202830e-18 -6.542432515922143628e-19 2.183506443028525013e-18 1.848645860813287713e-18 3.228276208936978828e-18 -3.010147933177148424e-18
3.262571298838736837e-17 1.876390874917525588e-17 -3.372673955922025748e-18 1.246595740934804817e-16 6.275769908399223668e-18 3.261861357596608053e-18 3.790574873359248873e-18 4.626222026680422255e-18 -2.735995133102437921e-18 1.769274037623512427e-18 -1.064539188656574695e-18 9.524809752334181465e-19 2.899794631584297932e-18 4.259577669456732779e-18 4.865844419467672118e-18 6.035226758560238311e-18 5.912662683476559544e-18 1.563072515894234072e-18
4.001285273340048557e-17 3.242981945037721042e-18 1.168743848283005374e-18 6.275769908399223668e-18 6.305162456956720504e-17 5.960004807928613384e-18 5.700774090681400811e-18 3.640192584810679257e-18 9.245884636337995266e-20 1.674020438590399952e-18 2.668261790845487108e-18 3.260213186149301619e-18 8.214946693321404764e-19 1.516468196883637987e-18 8.190470174128049683e-19 1.926720947182221983e-19 1.357003563463043815e-18 3.257481555601381770e-18
1.038175577637605060e-17 6.241622741700711079e-18 -3.120123788023294795e-18 3.261861357596608053e-18 5.960004807928613384e-18 3.415512432478464579e-17 5.750113396450664279e-18 1.185149476091433699e-18 4.907617025852840948e-19 1.276156799444518410e-18 1.938622855434321343e-18 1.282884600112913242e-18 1.119465266759655587e-20 6.939682659818399000e-19 1.258461377238717980e-18 1.626596951740843822e-18 2.807380384806749315e-18 9.804080719913718146e-19
6.193740650185755688e-18 5.173207785196303495e-19 -3.850659788894527948e-19 3.790574873359248873e-18 5.700774090681400811e-18 5.750113396450664279e-18 2.677832193456139668e-17 1.750200168149417969e-18 1.574730211730691607e-18 9.920486094073668226e-19 2.267364208918281956e-18 1.506826905031503755e-18 1.046602793939406326e-18 1.405563073504331218e-18 1.527744966749397725e-19 6.294631545419973393e-19 6.729175143743060466e-19 2.783937753177824405e-18
1.265196750328122827e-17 -6.219361673724403518e-18 3.046776557880615253e-18 4.626222026680422255e-18 3.640192584810679257e-18 1.185149476091433699e-18 1.750200168149417969e-18 2.720585755661273474e-17 3.317908547687548037e-18 1.030393654668949979e-18 4.700478986026141222e-19 1.522911853975342306e-18 1.874894955926284671e-18 1.351506934574306990e-18 2.331052466963723579e-18 3.278562451302199836e-18 4.810309944940183799e-18 3.843103478649817614e-18
-7.917736315350710609e-18 9.318293274035938279e-18 -2.366581731222083124e-18 -2.735995133102437921e-18 9.245884636337995266e-20 4.907617025852840948e-19 1.574730211730691607e-18 3.317908547687548037e-18 2.018898788616843669e-17 1.600516013222830607e-18 1.684717524301091785e-18 2.719929592848265554e-18 1.467189689908416715e-18 9.530126196446918407e-19 1.804349609592637043e-18 1.274922212066179475e-18 1.135597261635412874e-18 1.786059693299319815e-18
1.485645973333486374e-17 3.656564158923941182e-18 2.500756556800856224e-18 1.769274037623512427e-18 1.674020438590399952e-18 1.276156799444518410e-18 9.920486094073668226e-19 1.030393654668949979e-18 1.600516013222830607e-18 1.316274706538659913e-17 1.657560800331459340e-18 1.844217102413459454e-18 1.257221811247709682e-18 1.050267561949660369e-18 1.245939968458399318e-18 2.077294903114386472e-18 2.463321439773937832e-18 1.638129394765927912e-18
2.578062992398013751e-18 2.219264897227931150e-18 -5.769701267652553072e-18 -1.064539188656574695e-18 2.668261790845487108e-18 1.938622855434321343e-18 2.267364208918281956e-18 4.700478986026141222e-19 1.684717524301091785e-18 1.657560800331459340e-18 1.025980356348751537e-17 1.635687913955098619e-18 1.381522238984123341e-18 2.284624013407115937e-18 1.669790842993334632e-18 2.714146863093685093e-18 3.580945026587644243e-18 2.207590820151866101e-18
7.363141306495576451e-18 4.708063647681937196e-18 -2.073181488071155515e-18 9.524809752334181465e-19 3.260213186149301619e-18 1.282884600112913242e-18 1.506826905031503755e-18 1.522911853975342306e-18 2.719929592848265554e-18 1.844217102413459454e-18 1.635687913955098619e-18 8.388041173022357234e-18 1.882600221950334679e-18 1.616230551712469951e-18 3.333540464355091089e-18 5.044834799816142363e-18 7.162160418359766811e-18 3.195247570777572695e-18
4.530631763049680577e-18 3.095976235203612538e-18 -4.087535632349202830e-18 2.899794631584297932e-18 8.214946693321404764e-19 1.119465266759655587e-20 1.046602793939406326e-18 1.874894955926284671e-18 1.467189689908416715e-18 1.257221811247709682e-18 1.381522238984123341e-18 1.882600221950334679e-18 7.690041606403209484e-18 2.589174226157320778e-18 4.624870445563948052e-18 7.516110816892785654e-18 1.087617873219441243e-17 4.322118076270938020e-18
1.002370267319570827e-18 1.779715112110685330e-18 -6.542432515922143628e-19 4.259577669456732779e-18 1.516468196883637987e-18 6.939682659818399000e-19 1.405563073504331218e-18 1.351506934574306990e-18 9.530126196446918407e-19 1.050267561949660369e-18 2.284624013407115937e-18 1.616230551712469951e-18 2.589174226157320778e-18 8.085019941267177054e-18 7.433835442170522258e-18 1.173869019630884752e-17 1.743059937904032102e-17 7.041173040299951610e-18
-1.203921173578616331e-19 4.047208725456281867e-18 2.183506443028525013e-18 4.865844419467672118e-18 8.190470174128049683e-19 1.258461377238717980e-18 1.527744966749397725e-19 2.331052466963723579e-18 1.804349609592637043e-18 1.245939968458399318e-18 1.669790842993334632e-18 3.333540464355091089e-18 4.624870445563948052e-18 7.433835442170522258e-18 1.555476049081291498e-17 2.100088123142824291e-17 3.278077839799405052e-17 1.324362801914084509e-17
-3.459204968800970973e-18 9.984268259565578460e-18 1.848645860813287713e-18 6.035226758560238311e-18 1.926720947182221983e-19 1.626596951740843822e-18 6.294631545419973393e-19 3.278562451302199836e-18 1.274922212066179475e-18 2.077294903114386472e-18 2.714146863093685093e-18 5.044834799816142363e-18 7.516110816892785654e-18 1.173869019630884752e-17 2.100088123142824291e-17 3.885637490211337242e-17 5.629986795478496487e-17 2.292038162954266639e-17
8.112243427032668340e-18 1.419130500099948214e-17 3.228276208936978828e-18 5.912662683476559544e-18 1.357003563463043815e-18 2.807380384806749315e-18 6.729175143743060466e-19 4.810309944940183799e-18 1.135597261635412874e-18 2.463321439773937832e-18 3.580945026587644243e-18 7.162160418359766811e-18 1.087617873219441243e-17 1.743059937904032102e-17 3.278077839799405052e-17 5.629986795478496487e-17 9.587371542240579191e-17 3.941000570736000706e-17
9.275841181686572948e-18 8.121423926507593010e-18 -3.010147933177148424e-18 1.563072515894234072e-18 3.257481555601381770e-18 9.804080719913718146e-19 2.783937753177824405e-18 3.843103478649817614e-18 1.786059693299319815e-18 1.638129394765927912e-18 2.207590820151866101e-18 3.195247570777572695e-18 4.322118076270938020e-18 7.041173040299951610e-18 1.324362801914084509e-17 2.292038162954266639e-17 3.941000570736000706e-17 3.401438019622323098e-17
